-4.862887e-01 -9.968996e-02 8.680929e-01 2.155806e+02 -3.505880e-02 9.948966e-01 9.461260e-02 -1.694907e+01 -8.730946e-01 1.557474e-02 -4.873020e-01 4.695866e+02
-4.834250e-01 -9.968812e-02 8.696911e-01 2.165643e+02 -3.570624e-02 9.949133e-01 9.419410e-02 -1.687651e+01 -8.746573e-01 1.448238e-02 -4.845254e-01 4.690499e+02
-4.788572e-01 -9.980611e-02 8.722009e-01 2.175320e+02 -3.640586e-02 9.949194e-01 9.386121e-02 -1.680430e+01 -8.771376e-01 1.319289e-02 -4.800579e-01 4.685258e+02
-4.719956e-01 -1.001877e-01 8.758896e-01 2.184892e+02 -3.636751e-02 9.948886e-01 9.420173e-02 -1.673272e+01 -8.808505e-01 1.260887e-02 -4.732266e-01 4.680190e+02
-4.628713e-01 -1.000878e-01 8.807568e-01 2.194374e+02 -3.568875e-02 9.949036e-01 9.430348e-02 -1.666257e+01 -8.857068e-01 1.221726e-02 -4.640844e-01 4.675300e+02
-4.510550e-01 -1.000988e-01 8.868651e-01 2.203833e+02 -3.486132e-02 9.949083e-01 9.456317e-02 -1.659176e+01 -8.918151e-01 1.173590e-02 -4.522479e-01 4.670521e+02
-4.371933e-01 -9.911107e-02 8.938898e-01 2.213283e+02 -3.360667e-02 9.950155e-01 9.388680e-02 -1.652190e+01 -8.987395e-01 1.100602e-02 -4.383449e-01 4.665992e+02
-4.219347e-01 -9.747969e-02 9.013705e-01 2.222667e+02 -3.257890e-02 9.951911e-01 9.237574e-02 -1.645181e+01 -9.060407e-01 9.610863e-03 -4.230814e-01 4.661579e+02
-4.053796e-01 -9.819255e-02 9.088595e-01 2.232143e+02 -3.674134e-02 9.951611e-01 9.112875e-02 -1.638216e+01 -9.134098e-01 3.549015e-03 -4.070257e-01 4.657518e+02
-3.885634e-01 -9.774017e-02 9.162234e-01 2.241568e+02 -4.018480e-02 9.952095e-01 8.912414e-02 -1.631656e+01 -9.205454e-01 -2.187878e-03 -3.906297e-01 4.653685e+02
-3.716948e-01 -9.456823e-02 9.235257e-01 2.250949e+02 -3.860796e-02 9.955121e-01 8.640090e-02 -1.625136e+01 -9.275519e-01 -3.540677e-03 -3.736778e-01 4.649901e+02
-3.530686e-01 -9.331444e-02 9.309323e-01 2.260385e+02 -4.100678e-02 9.956010e-01 8.424431e-02 -1.618780e+01 -9.346984e-01 -8.430513e-03 -3.553420e-01 4.646450e+02
-3.342510e-01 -9.374803e-02 9.378100e-01 2.269918e+02 -4.019029e-02 9.955533e-01 8.519587e-02 -1.612171e+01 -9.416268e-01 -9.214052e-03 -3.365325e-01 4.643162e+02
-3.144265e-01 -9.423406e-02 9.445930e-01 2.279467e+02 -4.032401e-02 9.954883e-01 8.588884e-02 -1.605768e+01 -9.484250e-01 -1.108405e-02 -3.168078e-01 4.639940e+02
-2.950900e-01 -9.669133e-02 9.505644e-01 2.289161e+02 -4.003930e-02 9.952438e-01 8.880647e-02 -1.598694e+01 -9.546302e-01 -1.185402e-02 -2.975580e-01 4.637049e+02
-2.750606e-01 -1.004158e-01 9.561685e-01 2.298835e+02 -4.261740e-02 9.948266e-01 9.221595e-02 -1.591882e+01 -9.604819e-01 -1.538443e-02 -2.779171e-01 4.634247e+02
-2.549025e-01 -1.040685e-01 9.613503e-01 2.308615e+02 -4.316720e-02 9.944252e-01 9.620315e-02 -1.584521e+01 -9.660028e-01 -1.697638e-02 -2.579738e-01 4.631732e+02
-2.345433e-01 -1.060698e-01 9.663015e-01 2.318455e+02 -4.676097e-02 9.941096e-01 9.777232e-02 -1.576834e+01 -9.709804e-01 -2.225335e-02 -2.381217e-01 4.629466e+02
-2.145591e-01 -1.072767e-01 9.708018e-01 2.328208e+02 -4.995258e-02 9.938543e-01 9.878402e-02 -1.568945e+01 -9.754328e-01 -2.729904e-02 -2.185992e-01 4.627313e+02
-1.941175e-01 -1.070115e-01 9.751240e-01 2.338021e+02 -5.279848e-02 9.937311e-01 9.854296e-02 -1.561062e+01 -9.795564e-01 -3.235615e-02 -1.985507e-01 4.625511e+02
-1.734365e-01 -1.072151e-01 9.789917e-01 2.347905e+02 -5.452316e-02 9.935773e-01 9.915329e-02 -1.553122e+01 -9.833347e-01 -3.618091e-02 -1.781682e-01 4.623968e+02
-1.518582e-01 -1.073436e-01 9.825561e-01 2.357801e+02 -5.282907e-02 9.935457e-01 1.003793e-01 -1.545256e+01 -9.869895e-01 -3.666410e-02 -1.565489e-01 4.622433e+02
-1.281726e-01 -1.055786e-01 9.861161e-01 2.367819e+02 -5.100908e-02 9.937031e-01 9.976088e-02 -1.537374e+01 -9.904393e-01 -3.751426e-02 -1.327510e-01 4.621270e+02
-1.034287e-01 -1.002976e-01 9.895670e-01 2.377754e+02 -4.525883e-02 9.943469e-01 9.605164e-02 -1.529603e+01 -9.936067e-01 -3.485215e-02 -1.073834e-01 4.620136e+02
-7.722034e-02 -9.538017e-02 9.924412e-01 2.387822e+02 -4.004302e-02 9.949070e-01 9.250148e-02 -1.522098e+01 -9.962096e-01 -3.259735e-02 -8.064637e-02 4.619458e+02
-5.014585e-02 -9.263785e-02 9.944363e-01 2.398015e+02 -3.554678e-02 9.952237e-01 9.091872e-02 -1.514871e+01 -9.981092e-01 -3.078981e-02 -5.319932e-02 4.619088e+02
-2.224507e-02 -9.198728e-02 9.955117e-01 2.408171e+02 -3.276631e-02 9.952902e-01 9.123466e-02 -1.507971e+01 -9.992155e-01 -3.058972e-02 -2.515439e-02 4.618821e+02
6.126216e-03 -9.185568e-02 9.957535e-01 2.418484e+02 -3.182340e-02 9.952499e-01 9.200503e-02 -1.500872e+01 -9.994748e-01 -3.225190e-02 3.173954e-03 4.619056e+02
3.513718e-02 -9.168354e-02 9.951681e-01 2.428871e+02 -3.089063e-02 9.952075e-01 9.277787e-02 -1.493785e+01 -9.989050e-01 -3.400132e-02 3.213663e-02 4.619587e+02
6.504958e-02 -9.191732e-02 9.936396e-01 2.439215e+02 -3.117396e-02 9.950754e-01 9.409099e-02 -1.486791e+01 -9.973950e-01 -3.709625e-02 6.186381e-02 4.620253e+02
9.531524e-02 -9.335646e-02 9.910598e-01 2.449679e+02 -3.425417e-02 9.946954e-01 9.699334e-02 -1.479224e+01 -9.948576e-01 -4.319287e-02 9.161178e-02 4.621475e+02
1.251569e-01 -9.393295e-02 9.876803e-01 2.460147e+02 -3.604164e-02 9.944204e-01 9.914111e-02 -1.471717e+01 -9.914821e-01 -4.800580e-02 1.210731e-01 4.623013e+02
1.550714e-01 -9.142968e-02 9.836633e-01 2.470455e+02 -4.105518e-02 9.942515e-01 9.888607e-02 -1.463499e+01 -9.870498e-01 -5.571887e-02 1.504263e-01 4.624662e+02
1.836938e-01 -8.693272e-02 9.791319e-01 2.480862e+02 -4.345696e-02 9.943896e-01 9.644031e-02 -1.455321e+01 -9.820225e-01 -6.026557e-02 1.788854e-01 4.626823e+02
2.118045e-01 -8.427786e-02 9.736714e-01 2.491163e+02 -4.514676e-02 9.943675e-01 9.589011e-02 -1.447276e+01 -9.762688e-01 -6.426806e-02 2.068066e-01 4.629047e+02
2.397331e-01 -8.036845e-02 9.675066e-01 2.501535e+02 -4.687700e-02 9.944470e-01 9.422173e-02 -1.439499e+01 -9.697065e-01 -6.794186e-02 2.346344e-01 4.631846e+02
2.675314e-01 -7.714103e-02 9.604562e-01 2.511869e+02 -4.849510e-02 9.944488e-01 9.337935e-02 -1.431785e+01 -9.623280e-01 -7.155932e-02 2.623053e-01 4.634958e+02
2.951027e-01 -7.736564e-02 9.523282e-01 2.522181e+02 -4.819419e-02 9.942423e-01 9.570487e-02 -1.424214e+01 -9.542493e-01 -7.413943e-02 2.896750e-01 4.638149e+02
3.225516e-01 -7.922375e-02 9.432306e-01 2.532511e+02 -4.776848e-02 9.938591e-01 9.981128e-02 -1.415996e+01 -9.453458e-01 -7.725097e-02 3.167865e-01 4.641837e+02
3.495485e-01 -8.009105e-02 9.334888e-01 2.542780e+02 -4.500131e-02 9.937544e-01 1.021126e-01 -1.407993e+01 -9.358370e-01 -7.770152e-02 3.437611e-01 4.645801e+02
3.770197e-01 -7.498827e-02 9.231646e-01 2.552844e+02 -4.697161e-02 9.938865e-01 9.991617e-02 -1.399854e+01 -9.250134e-01 -8.103288e-02 3.711925e-01 4.649924e+02
4.025807e-01 -7.244542e-02 9.125133e-01 2.562915e+02 -4.128007e-02 9.944124e-01 9.715935e-02 -1.391361e+01 -9.144533e-01 -7.678307e-02 3.973407e-01 4.654443e+02
4.276512e-01 -7.080429e-02 9.011666e-01 2.572879e+02 -4.156376e-02 9.943330e-01 9.784855e-02 -1.383281e+01 -9.029878e-01 -7.930091e-02 4.222848e-01 4.659152e+02
4.512259e-01 -7.062396e-02 8.896108e-01 2.582838e+02 -4.343542e-02 9.939441e-01 1.009379e-01 -1.375046e+01 -8.913521e-01 -8.418642e-02 4.454258e-01 4.664310e+02
4.742316e-01 -7.324883e-02 8.773477e-01 2.592720e+02 -4.300484e-02 9.934160e-01 1.061846e-01 -1.366058e+01 -8.793492e-01 -8.808629e-02 4.679593e-01 4.669735e+02
4.962536e-01 -7.744958e-02 8.647161e-01 2.602420e+02 -3.923481e-02 9.929946e-01 1.114556e-01 -1.356759e+01 -8.672906e-01 -8.923720e-02 4.897385e-01 4.675231e+02
5.175980e-01 -7.808586e-02 8.520533e-01 2.612129e+02 -3.765901e-02 9.927828e-01 1.138597e-01 -1.346845e+01 -8.547948e-01 -9.102104e-02 5.109218e-01 4.681150e+02
5.380325e-01 -7.634260e-02 8.394598e-01 2.621670e+02 -3.813270e-02 9.926662e-01 1.147159e-01 -1.336576e+01 -8.420611e-01 -9.373173e-02 5.311756e-01 4.687278e+02
5.568931e-01 -7.562687e-02 8.271340e-01 2.631069e+02 -3.634735e-02 9.926731e-01 1.152345e-01 -1.326249e+01 -8.297885e-01 -9.423740e-02 5.500640e-01 4.693511e+02
5.739707e-01 -7.388080e-02 8.155362e-01 2.640386e+02 -3.616953e-02 9.926623e-01 1.153829e-01 -1.315686e+01 -8.180767e-01 -9.572397e-02 5.670869e-01 4.700093e+02
5.890966e-01 -6.966653e-02 8.050539e-01 2.649501e+02 -4.075530e-02 9.924471e-01 1.157055e-01 -1.304700e+01 -8.070342e-01 -1.009719e-01 5.818080e-01 4.706824e+02
6.026184e-01 -6.712300e-02 7.952016e-01 2.658661e+02 -4.245699e-02 9.923485e-01 1.159389e-01 -1.293644e+01 -7.968993e-01 -1.036287e-01 5.951576e-01 4.713814e+02
6.148378e-01 -6.426561e-02 7.860308e-01 2.667707e+02 -4.526581e-02 9.921556e-01 1.165255e-01 -1.282445e+01 -7.873535e-01 -1.072246e-01 6.071057e-01 4.720954e+02
6.255609e-01 -6.311042e-02 7.776186e-01 2.676648e+02 -4.631343e-02 9.919611e-01 1.177633e-01 -1.270881e+01 -7.787995e-01 -1.096823e-01 6.176092e-01 4.728167e+02
6.357080e-01 -6.122915e-02 7.694974e-01 2.685593e+02 -4.703050e-02 9.919252e-01 1.177813e-01 -1.259549e+01 -7.704956e-01 -1.110643e-01 6.276952e-01 4.735560e+02
6.451334e-01 -5.990006e-02 7.617184e-01 2.694451e+02 -4.539984e-02 9.921557e-01 1.164724e-01 -1.248224e+01 -7.627200e-01 -1.097221e-01 6.373533e-01 4.743022e+02
6.542273e-01 -5.684377e-02 7.541588e-01 2.703268e+02 -4.461716e-02 9.925338e-01 1.135161e-01 -1.237190e+01 -7.549808e-01 -1.079137e-01 6.468065e-01 4.750662e+02
6.623058e-01 -5.506404e-02 7.472075e-01 2.712044e+02 -4.283555e-02 9.928815e-01 1.111369e-01 -1.226437e+01 -7.480082e-01 -1.056136e-01 6.552325e-01 4.758400e+02
6.686752e-01 -5.452873e-02 7.415525e-01 2.720801e+02 -4.262897e-02 9.928556e-01 1.114474e-01 -1.216173e+01 -7.423317e-01 -1.061337e-01 6.615734e-01 4.766250e+02
6.728879e-01 -5.508553e-02 7.376906e-01 2.729566e+02 -4.218770e-02 9.927429e-01 1.126128e-01 -1.206642e+01 -7.385405e-01 -1.068972e-01 6.656808e-01 4.774157e+02
6.763105e-01 -5.497134e-02 7.345626e-01 2.738199e+02 -4.316853e-02 9.925398e-01 1.140224e-01 -1.196704e+01 -7.353506e-01 -1.088245e-01 6.688921e-01 4.782067e+02
6.788663e-01 -5.683033e-02 7.320593e-01 2.746794e+02 -4.251230e-02 9.922857e-01 1.164552e-01 -1.186470e+01 -7.330302e-01 -1.101790e-01 6.712134e-01 4.790004e+02
6.813117e-01 -5.710372e-02 7.297627e-01 2.755328e+02 -4.274169e-02 9.921480e-01 1.175393e-01 -1.176170e+01 -7.307445e-01 -1.112721e-01 6.735213e-01 4.797940e+02
6.831926e-01 -5.790315e-02 7.279389e-01 2.763851e+02 -4.219380e-02 9.920557e-01 1.185122e-01 -1.165563e+01 -7.290183e-01 -1.116812e-01 6.753220e-01 4.805908e+02
6.853112e-01 -5.727161e-02 7.259948e-01 2.772328e+02 -4.253017e-02 9.920539e-01 1.184071e-01 -1.154923e+01 -7.270074e-01 -1.120224e-01 6.774299e-01 4.813873e+02
6.870893e-01 -5.454713e-02 7.245226e-01 2.780737e+02 -4.385957e-02 9.922456e-01 1.162967e-01 -1.144208e+01 -7.252481e-01 -1.116835e-01 6.793689e-01 4.821839e+02
6.882698e-01 -5.416945e-02 7.234295e-01 2.789155e+02 -4.152740e-02 9.926312e-01 1.138361e-01 -1.133729e+01 -7.242652e-01 -1.083921e-01 6.809486e-01 4.829771e+02
6.892745e-01 -5.381719e-02 7.224987e-01 2.797479e+02 -3.962310e-02 9.929446e-01 1.117631e-01 -1.123688e+01 -7.234161e-01 -1.056631e-01 6.822790e-01 4.837711e+02
6.894969e-01 -5.471316e-02 7.222191e-01 2.805737e+02 -3.808424e-02 9.930246e-01 1.115873e-01 -1.113740e+01 -7.232867e-01 -1.044442e-01 6.826037e-01 4.845659e+02
6.888475e-01 -5.549170e-02 7.227792e-01 2.813909e+02 -3.789806e-02 9.929454e-01 1.123527e-01 -1.104233e+01 -7.239150e-01 -1.047858e-01 6.818849e-01 4.853468e+02
6.870818e-01 -5.661983e-02 7.243706e-01 2.822015e+02 -3.865866e-02 9.926982e-01 1.142621e-01 -1.094613e+01 -7.255509e-01 -1.065106e-01 6.798760e-01 4.861210e+02
6.839381e-01 -5.691963e-02 7.273162e-01 2.830065e+02 -4.073181e-02 9.924173e-01 1.159689e-01 -1.085061e+01 -7.284021e-01 -1.089405e-01 6.764336e-01 4.868821e+02
6.797187e-01 -5.722166e-02 7.312374e-01 2.838095e+02 -4.326497e-02 9.920883e-01 1.178509e-01 -1.075496e+01 -7.321957e-01 -1.117424e-01 6.718654e-01 4.876331e+02
6.745775e-01 -5.726308e-02 7.359797e-01 2.846001e+02 -4.507016e-02 9.919321e-01 1.184875e-01 -1.065661e+01 -7.368269e-01 -1.130997e-01 6.665543e-01 4.883623e+02
6.689039e-01 -5.638532e-02 7.412073e-01 2.853834e+02 -4.675885e-02 9.919527e-01 1.176577e-01 -1.056449e+01 -7.418768e-01 -1.133597e-01 6.608846e-01 4.890697e+02
6.617940e-01 -5.323730e-02 7.477931e-01 2.861655e+02 -4.905327e-02 9.922628e-01 1.140537e-01 -1.047556e+01 -7.480792e-01 -1.121617e-01 6.540621e-01 4.897597e+02
6.532210e-01 -5.059435e-02 7.554750e-01 2.869345e+02 -5.199178e-02 9.924128e-01 1.114168e-01 -1.038547e+01 -7.553802e-01 -1.120583e-01 6.456344e-01 4.904284e+02
6.431700e-01 -5.184632e-02 7.639661e-01 2.877098e+02 -4.963424e-02 9.927841e-01 1.091612e-01 -1.030407e+01 -7.641131e-01 -1.081281e-01 6.359556e-01 4.910749e+02
6.329300e-01 -5.187127e-02 7.724694e-01 2.884793e+02 -4.883177e-02 9.930917e-01 1.066968e-01 -1.022701e+01 -7.726676e-01 -1.052526e-01 6.260246e-01 4.916995e+02
6.218646e-01 -5.323786e-02 7.813131e-01 2.892397e+02 -4.609908e-02 9.934679e-01 1.043852e-01 -1.015259e+01 -7.817668e-01 -1.009312e-01 6.153484e-01 4.922937e+02
6.106474e-01 -5.367163e-02 7.900817e-01 2.900002e+02 -4.466331e-02 9.937783e-01 1.020290e-01 -1.008408e+01 -7.906422e-01 -9.759138e-02 6.044509e-01 4.928736e+02
5.985989e-01 -5.612909e-02 7.990800e-01 2.907534e+02 -4.165276e-02 9.940116e-01 1.010240e-01 -1.001717e+01 -7.999653e-01 -9.375674e-02 5.926763e-01 4.934252e+02
5.861755e-01 -5.576782e-02 8.082624e-01 2.914972e+02 -3.732151e-02 9.947104e-01 9.569886e-02 -9.957206e+00 -8.093240e-01 -8.626189e-02 5.809936e-01 4.939478e+02
5.727955e-01 -5.366012e-02 8.179400e-01 2.922322e+02 -3.240679e-02 9.955924e-01 8.800900e-02 -9.901449e+00 -8.190575e-01 -7.691796e-02 5.685319e-01 4.944459e+02
5.592729e-01 -4.519999e-02 8.277504e-01 2.929439e+02 -2.970955e-02 9.967781e-01 7.450327e-02 -9.856274e+00 -8.284511e-01 -6.625974e-02 5.561282e-01 4.949094e+02
5.446673e-01 -3.261630e-02 8.380177e-01 2.936522e+02 -3.473996e-02 9.975083e-01 6.140294e-02 -9.817235e+00 -8.379324e-01 -6.255687e-02 5.421771e-01 4.953669e+02
5.279674e-01 -2.366517e-02 8.489349e-01 2.943461e+02 -3.680968e-02 9.980346e-01 5.071410e-02 -9.779102e+00 -8.484666e-01 -5.802440e-02 5.260586e-01 4.957951e+02
5.094053e-01 -2.279676e-02 8.602247e-01 2.950500e+02 -3.578667e-02 9.982230e-01 4.764590e-02 -9.747383e+00 -8.597823e-01 -5.505564e-02 5.076843e-01 4.962082e+02
4.879368e-01 -2.265630e-02 8.725849e-01 2.957561e+02 -4.251496e-02 9.978597e-01 4.968276e-02 -9.728772e+00 -8.718430e-01 -6.133995e-02 4.859293e-01 4.966063e+02
4.638930e-01 -2.503114e-02 8.855375e-01 2.964480e+02 -4.380984e-02 9.977295e-01 5.115241e-02 -9.708025e+00 -8.848074e-01 -6.252449e-02 4.617431e-01 4.969567e+02
4.371755e-01 -2.891770e-02 8.989112e-01 2.971576e+02 -4.342298e-02 9.976387e-01 5.321203e-02 -9.687419e+00 -8.983274e-01 -6.229639e-02 4.348875e-01 4.972955e+02
4.074430e-01 -3.515317e-02 9.125538e-01 2.978504e+02 -4.096065e-02 9.975497e-01 5.671575e-02 -9.667756e+00 -9.123116e-01 -6.048723e-02 4.050048e-01 4.975729e+02
3.730456e-01 -3.548705e-02 9.271341e-01 2.985559e+02 -3.739072e-02 9.978815e-01 5.323967e-02 -9.648325e+00 -9.270593e-01 -5.452703e-02 3.709284e-01 4.978401e+02
3.358506e-01 -3.229546e-02 9.413614e-01 2.992753e+02 -3.207492e-02 9.984402e-01 4.569709e-02 -9.634008e+00 -9.413690e-01 -4.554148e-02 3.342909e-01 4.980804e+02
2.974857e-01 -2.587729e-02 9.543755e-01 2.999726e+02 -2.657433e-02 9.990208e-01 3.537123e-02 -9.625312e+00 -9.543564e-01 -3.588432e-02 2.965068e-01 4.982481e+02
2.577819e-01 -1.829086e-02 9.660300e-01 3.007031e+02 -2.710912e-02 9.992902e-01 2.615459e-02 -9.616258e+00 -9.658228e-01 -3.293040e-02 2.571031e-01 4.984362e+02
2.168926e-01 -1.276483e-02 9.761120e-01 3.014093e+02 -2.690604e-02 9.994564e-01 1.904865e-02 -9.612974e+00 -9.758246e-01 -3.039481e-02 2.164312e-01 4.985528e+02
1.760907e-01 -1.314235e-02 9.842862e-01 3.021578e+02 -2.471269e-02 9.995367e-01 1.776712e-02 -9.612934e+00 -9.840637e-01 -2.745299e-02 1.756844e-01 4.986800e+02
1.352768e-01 -1.734759e-02 9.906560e-01 3.029123e+02 -2.358746e-02 9.995069e-01 2.072352e-02 -9.616508e+00 -9.905271e-01 -2.617047e-02 1.348009e-01 4.987757e+02
9.357906e-02 -2.438017e-02 9.953133e-01 3.036385e+02 -2.495862e-02 9.993285e-01 2.682513e-02 -9.614262e+00 -9.952990e-01 -2.735191e-02 9.290773e-02 4.988063e+02
5.019233e-02 -2.962132e-02 9.983002e-01 3.043832e+02 -2.633240e-02 9.991733e-01 3.097117e-02 -9.609024e+00 -9.983924e-01 -2.784215e-02 4.937084e-02 4.988473e+02
5.566521e-03 -2.972754e-02 9.995425e-01 3.050947e+02 -2.015380e-02 9.993516e-01 2.983410e-02 -9.599674e+00 -9.997814e-01 -2.031065e-02 4.963787e-03 4.988004e+02
-3.820643e-02 -3.081664e-02 9.987946e-01 3.058255e+02 -1.776641e-02 9.993873e-01 3.015532e-02 -9.581026e+00 -9.991120e-01 -1.659287e-02 -3.873053e-02 4.987558e+02
-8.118585e-02 -2.781632e-02 9.963107e-01 3.065495e+02 -1.882866e-02 9.994749e-01 2.637039e-02 -9.570230e+00 -9.965212e-01 -1.661830e-02 -8.166696e-02 4.986880e+02
-1.222233e-01 -2.479975e-02 9.921927e-01 3.072496e+02 -1.598406e-02 9.996073e-01 2.301608e-02 -9.563955e+00 -9.923739e-01 -1.304617e-02 -1.225717e-01 4.985511e+02
-1.586051e-01 -2.039937e-02 9.871313e-01 3.079695e+02 -8.231058e-03 9.997791e-01 1.933824e-02 -9.557759e+00 -9.873078e-01 -5.057993e-03 -1.587380e-01 4.984134e+02
-1.910622e-01 -1.730539e-02 9.814254e-01 3.086652e+02 -3.248899e-03 9.998502e-01 1.699778e-02 -9.547326e+00 -9.815726e-01 5.908006e-05 -1.910898e-01 4.982296e+02
-2.203165e-01 -1.892417e-02 9.752448e-01 3.093754e+02 -4.142445e-03 9.998209e-01 1.846525e-02 -9.541535e+00 -9.754197e-01 2.829785e-05 -2.203554e-01 4.980587e+02
-2.455083e-01 -2.212333e-02 9.691420e-01 3.100827e+02 -3.787656e-03 9.997538e-01 2.186262e-02 -9.533965e+00 -9.693871e-01 1.696675e-03 -2.455317e-01 4.978664e+02
-2.667933e-01 -2.199485e-02 9.635027e-01 3.107757e+02 -1.658514e-03 9.997485e-01 2.236303e-02 -9.520400e+00 -9.637524e-01 4.368321e-03 -2.667627e-01 4.976412e+02
-2.851523e-01 -2.128406e-02 9.582459e-01 3.114724e+02 1.907203e-03 9.997388e-01 2.277322e-02 -9.507541e+00 -9.584804e-01 8.321402e-03 -2.850372e-01 4.974115e+02
-3.023302e-01 -2.144682e-02 9.529619e-01 3.121685e+02 2.690432e-03 9.997236e-01 2.335276e-02 -9.490480e+00 -9.531995e-01 9.624121e-03 -3.021889e-01 4.971695e+02
-3.199639e-01 -2.096659e-02 9.471977e-01 3.128596e+02 5.339174e-03 9.996993e-01 2.393231e-02 -9.469890e+00 -9.474147e-01 1.271472e-02 -3.197557e-01 4.969065e+02
-3.368511e-01 -2.134365e-02 9.413160e-01 3.135514e+02 6.520088e-03 9.996662e-01 2.499991e-02 -9.450217e+00 -9.415354e-01 1.455871e-02 -3.365995e-01 4.966343e+02
-3.543837e-01 -2.087567e-02 9.348670e-01 3.142425e+02 9.601989e-03 9.996168e-01 2.596140e-02 -9.434712e+00 -9.350508e-01 1.817687e-02 -3.540474e-01 4.963450e+02
-3.729657e-01 -2.046942e-02 9.276193e-01 3.149309e+02 1.026086e-02 9.996045e-01 2.618345e-02 -9.416673e+00 -9.277884e-01 1.928369e-02 -3.726081e-01 4.960490e+02
-3.940922e-01 -2.106340e-02 9.188295e-01 3.156175e+02 8.042266e-03 9.996200e-01 2.636484e-02 -9.401439e+00 -9.190358e-01 1.777964e-02 -3.937731e-01 4.957436e+02
-4.175677e-01 -2.171283e-02 9.083863e-01 3.162872e+02 6.092618e-03 9.996251e-01 2.669433e-02 -9.389864e+00 -9.086254e-01 1.668114e-02 -4.172789e-01 4.954040e+02
-4.422048e-01 -2.044178e-02 8.966811e-01 3.169590e+02 4.633914e-03 9.996748e-01 2.507499e-02 -9.386532e+00 -8.969022e-01 1.524342e-02 -4.419663e-01 4.950638e+02
-4.688260e-01 -1.737176e-02 8.831197e-01 3.175986e+02 6.287588e-03 9.997156e-01 2.300323e-02 -9.378597e+00 -8.832682e-01 1.633720e-02 -4.685834e-01 4.946783e+02
-4.985645e-01 -1.511851e-02 8.667208e-01 3.182422e+02 5.639423e-03 9.997701e-01 2.068330e-02 -9.364049e+00 -8.668343e-01 1.519976e-02 -4.983646e-01 4.942939e+02
-5.296889e-01 -1.749648e-02 8.480115e-01 3.188772e+02 3.828857e-03 9.997277e-01 2.301834e-02 -9.353565e+00 -8.481834e-01 1.543947e-02 -5.294777e-01 4.938905e+02
-5.628100e-01 -1.863778e-02 8.263761e-01 3.194693e+02 5.244960e-03 9.996451e-01 2.611774e-02 -9.344713e+00 -8.265697e-01 1.903363e-02 -5.625125e-01 4.934190e+02
-5.961021e-01 -1.841639e-02 8.026974e-01 3.200678e+02 8.942118e-03 9.995226e-01 2.957281e-02 -9.337214e+00 -8.028589e-01 2.480622e-02 -5.956528e-01 4.929593e+02
-6.289618e-01 -1.392540e-02 7.773115e-01 3.206151e+02 1.282683e-02 9.995176e-01 2.828501e-02 -9.329423e+00 -7.773304e-01 2.776063e-02 -6.284798e-01 4.924378e+02
-6.613693e-01 -1.265352e-02 7.499537e-01 3.211700e+02 1.272578e-02 9.995245e-01 2.808698e-02 -9.318911e+00 -7.499525e-01 2.811961e-02 -6.608938e-01 4.919416e+02
-6.925526e-01 -1.122036e-02 7.212801e-01 3.216918e+02 1.294717e-02 9.995246e-01 2.798029e-02 -9.305044e+00 -7.212512e-01 2.871635e-02 -6.920781e-01 4.914229e+02
-7.226164e-01 -8.306048e-03 6.911994e-01 3.221597e+02 1.613540e-02 9.994526e-01 2.887908e-02 -9.290593e+00 -6.910610e-01 3.202126e-02 -7.220868e-01 4.908429e+02
-7.515649e-01 -6.964726e-03 6.596224e-01 3.226207e+02 1.778212e-02 9.993670e-01 3.081268e-02 -9.270096e+00 -6.594195e-01 3.488720e-02 -7.509653e-01 4.902864e+02
-7.789429e-01 -5.007138e-03 6.270749e-01 3.230279e+02 2.059616e-02 9.992243e-01 3.356294e-02 -9.252765e+00 -6.267566e-01 3.905894e-02 -7.782356e-01 4.896796e+02
-8.039144e-01 -2.765514e-03 5.947386e-01 3.234246e+02 2.281870e-02 9.991095e-01 3.549009e-02 -9.235231e+00 -5.943072e-01 4.210215e-02 -8.031354e-01 4.891022e+02
-8.259922e-01 -1.900216e-04 5.636816e-01 3.237955e+02 2.391955e-02 9.990874e-01 3.538736e-02 -9.221189e+00 -5.631739e-01 4.271268e-02 -8.252338e-01 4.885201e+02
-8.454713e-01 3.858172e-03 5.340068e-01 3.241280e+02 2.564669e-02 9.991134e-01 3.338681e-02 -9.214534e+00 -5.334046e-01 4.192309e-02 -8.448207e-01 4.879074e+02
-8.624944e-01 8.861879e-03 5.059891e-01 3.244613e+02 2.815201e-02 9.991386e-01 3.048820e-02 -9.206199e+00 -5.052831e-01 4.054050e-02 -8.620009e-01 4.873102e+02
-8.773421e-01 1.295951e-02 4.796905e-01 3.247836e+02 3.038066e-02 9.991299e-01 2.857256e-02 -9.202119e+00 -4.789029e-01 3.964121e-02 -8.769724e-01 4.867042e+02
-8.907171e-01 1.578717e-02 4.542838e-01 3.250831e+02 3.210305e-02 9.990859e-01 2.822463e-02 -9.202982e+00 -4.534230e-01 3.972405e-02 -8.904098e-01 4.860741e+02
-9.034158e-01 1.584621e-02 4.284726e-01 3.253807e+02 3.177522e-02 9.990432e-01 3.004901e-02 -9.203970e+00 -4.275866e-01 4.076156e-02 -9.030550e-01 4.854510e+02
-9.152892e-01 1.765119e-02 4.024104e-01 3.256448e+02 3.314265e-02 9.989520e-01 3.156581e-02 -9.204579e+00 -4.014315e-01 4.222878e-02 -9.149150e-01 4.848005e+02
-9.262872e-01 2.098655e-02 3.762334e-01 3.259016e+02 3.637323e-02 9.987652e-01 3.383914e-02 -9.196251e+00 -3.750586e-01 4.502958e-02 -9.259068e-01 4.841562e+02
-9.367802e-01 2.192199e-02 3.492310e-01 3.261455e+02 3.667694e-02 9.986895e-01 3.569258e-02 -9.186176e+00 -3.479910e-01 4.624482e-02 -9.363566e-01 4.835100e+02
-9.469528e-01 2.408522e-02 3.204690e-01 3.263499e+02 3.855015e-02 9.985004e-01 3.886823e-02 -9.172831e+00 -3.190523e-01 4.916050e-02 -9.464612e-01 4.828301e+02
-9.563205e-01 2.566823e-02 2.911912e-01 3.265415e+02 3.891007e-02 9.984508e-01 3.977464e-02 -9.163635e+00 -2.897191e-01 4.936756e-02 -9.558377e-01 4.821612e+02
-9.649795e-01 2.904619e-02 2.607121e-01 3.267128e+02 4.018248e-02 9.984889e-01 3.748562e-02 -9.156698e+00 -2.592294e-01 4.664891e-02 -9.646886e-01 4.814905e+02
-9.730607e-01 3.170467e-02 2.283587e-01 3.268481e+02 4.058914e-02 9.985865e-01 3.431365e-02 -9.148354e+00 -2.269480e-01 4.265814e-02 -9.729722e-01 4.807896e+02
-9.799889e-01 3.538794e-02 1.958813e-01 3.269750e+02 4.278577e-02 9.985169e-01 3.366380e-02 -9.131456e+00 -1.943996e-01 4.137108e-02 -9.800496e-01 4.801106e+02
-9.858623e-01 3.819664e-02 1.631461e-01 3.270584e+02 4.496259e-02 9.982664e-01 3.798122e-02 -9.116752e+00 -1.614125e-01 4.477971e-02 -9.858706e-01 4.793865e+02
-9.907000e-01 4.027813e-02 1.299661e-01 3.271361e+02 4.659103e-02 9.978588e-01 4.590295e-02 -9.109399e+00 -1.278390e-01 5.153130e-02 -9.904553e-01 4.786836e+02
-9.946206e-01 3.812918e-02 9.631200e-02 3.271999e+02 4.298367e-02 9.978812e-01 4.884169e-02 -9.098587e+00 -9.424565e-02 5.271879e-02 -9.941522e-01 4.779813e+02
-9.972815e-01 3.966035e-02 6.210180e-02 3.272181e+02 4.269978e-02 9.979146e-01 4.840509e-02 -9.084421e+00 -6.005254e-02 5.092523e-02 -9.968953e-01 4.772493e+02
-9.987872e-01 3.993354e-02 2.880060e-02 3.272265e+02 4.124162e-02 9.980734e-01 4.635255e-02 -9.065107e+00 -2.689410e-02 4.748411e-02 -9.985099e-01 4.765385e+02
-9.991361e-01 4.129108e-02 -4.692641e-03 3.272076e+02 4.103765e-02 9.981363e-01 4.516455e-02 -9.041306e+00 6.548788e-03 4.493295e-02 -9.989685e-01 4.758161e+02
-9.984232e-01 4.229969e-02 -3.690245e-02 3.271497e+02 4.057931e-02 9.981083e-01 4.618560e-02 -9.017436e+00 3.878628e-02 4.461529e-02 -9.982510e-01 4.750643e+02
-9.966968e-01 4.606741e-02 -6.688252e-02 3.270832e+02 4.309279e-02 9.980454e-01 4.525754e-02 -8.998575e+00 6.883669e-02 4.222588e-02 -9.967339e-01 4.743306e+02
-9.941910e-01 4.918461e-02 -9.573439e-02 3.269871e+02 4.502223e-02 9.979645e-01 4.516468e-02 -8.977902e+00 9.776094e-02 4.059214e-02 -9.943818e-01 4.735749e+02
-9.912359e-01 5.006668e-02 -1.222487e-01 3.268870e+02 4.486502e-02 9.979817e-01 4.493980e-02 -8.955119e+00 1.242520e-01 3.906125e-02 -9.914816e-01 4.728295e+02
-9.879206e-01 5.247540e-02 -1.458055e-01 3.267610e+02 4.647917e-02 9.979394e-01 4.423398e-02 -8.927932e+00 1.478263e-01 3.692274e-02 -9.883239e-01 4.720781e+02
-9.845525e-01 5.327078e-02 -1.667893e-01 3.266126e+02 4.652338e-02 9.979430e-01 4.410661e-02 -8.900792e+00 1.687959e-01 3.566566e-02 -9.850056e-01 4.713125e+02
-9.813504e-01 5.160280e-02 -1.851718e-01 3.264560e+02 4.464006e-02 9.981375e-01 4.157850e-02 -8.877903e+00 1.869725e-01 3.253699e-02 -9.818262e-01 4.705453e+02
-9.781142e-01 5.093442e-02 -2.017381e-01 3.262859e+02 4.383127e-02 9.982568e-01 3.952481e-02 -8.859804e+00 2.033996e-01 2.981733e-02 -9.786417e-01 4.697695e+02
-9.748970e-01 5.101674e-02 -2.167328e-01 3.261017e+02 4.364995e-02 9.982991e-01 3.864563e-02 -8.844980e+00 2.183358e-01 2.821512e-02 -9.754657e-01 4.689843e+02
-9.718264e-01 4.828372e-02 -2.306991e-01 3.259112e+02 4.017929e-02 9.984034e-01 3.970254e-02 -8.829540e+00 2.322478e-01 2.931464e-02 -9.722148e-01 4.681946e+02
-9.686703e-01 4.714242e-02 -2.438349e-01 3.257050e+02 3.827204e-02 9.984262e-01 4.099192e-02 -8.821245e+00 2.453836e-01 3.037560e-02 -9.689501e-01 4.673931e+02
-9.659549e-01 4.756921e-02 -2.542997e-01 3.254850e+02 3.781512e-02 9.983543e-01 4.311151e-02 -8.806233e+00 2.559320e-01 3.202740e-02 -9.661641e-01 4.665847e+02
-9.637376e-01 4.990032e-02 -2.621447e-01 3.252531e+02 3.978432e-02 9.982496e-01 4.375959e-02 -8.784192e+00 2.638694e-01 3.174351e-02 -9.640359e-01 4.657709e+02
-9.622575e-01 5.263725e-02 -2.670015e-01 3.250129e+02 4.203722e-02 9.980901e-01 4.526606e-02 -8.766277e+00 2.688743e-01 3.233360e-02 -9.626324e-01 4.649475e+02
-9.613851e-01 5.297821e-02 -2.700591e-01 3.247709e+02 4.280732e-02 9.981395e-01 4.341768e-02 -8.745386e+00 2.718569e-01 3.018060e-02 -9.618643e-01 4.641173e+02
-9.606896e-01 5.234164e-02 -2.726461e-01 3.245258e+02 4.345460e-02 9.983119e-01 3.853682e-02 -8.719498e+00 2.742029e-01 2.517419e-02 -9.613423e-01 4.632831e+02
-9.601518e-01 5.247384e-02 -2.745089e-01 3.242709e+02 4.408491e-02 9.983555e-01 3.664494e-02 -8.692468e+00 2.759803e-01 2.308301e-02 -9.608861e-01 4.624301e+02
-9.594795e-01 5.551530e-02 -2.762557e-01 3.240153e+02 4.677707e-02 9.981775e-01 3.812593e-02 -8.668447e+00 2.778688e-01 2.365861e-02 -9.603277e-01 4.615688e+02
-9.590292e-01 5.708260e-02 -2.774969e-01 3.237604e+02 4.715455e-02 9.979904e-01 4.232595e-02 -8.642691e+00 2.793554e-01 2.750657e-02 -9.597937e-01 4.606986e+02
-9.585692e-01 5.803896e-02 -2.788845e-01 3.235030e+02 4.721644e-02 9.978536e-01 4.537425e-02 -8.617596e+00 2.809194e-01 3.032642e-02 -9.592521e-01 4.598214e+02
-9.581239e-01 5.923091e-02 -2.801611e-01 3.232415e+02 4.849799e-02 9.978048e-01 4.509483e-02 -8.589860e+00 2.822171e-01 2.961918e-02 -9.588932e-01 4.589371e+02
-9.575657e-01 6.048062e-02 -2.817979e-01 3.229725e+02 5.018020e-02 9.977865e-01 4.363388e-02 -8.552894e+00 2.838132e-01 2.764162e-02 -9.584811e-01 4.580422e+02
-9.571539e-01 5.872921e-02 -2.835620e-01 3.227021e+02 4.859735e-02 9.979078e-01 4.264051e-02 -8.516222e+00 2.854730e-01 2.703316e-02 -9.580054e-01 4.571378e+02
-9.567467e-01 5.699176e-02 -2.852852e-01 3.224281e+02 4.698706e-02 9.980206e-01 4.179767e-02 -8.476687e+00 2.871027e-01 2.658507e-02 -9.575308e-01 4.562216e+02
-9.562224e-01 5.794789e-02 -2.868464e-01 3.221498e+02 4.816208e-02 9.979952e-01 4.106058e-02 -8.447955e+00 2.886507e-01 2.544792e-02 -9.570962e-01 4.553051e+02
-9.557326e-01 5.887996e-02 -2.882853e-01 3.218673e+02 4.883122e-02 9.979264e-01 4.193173e-02 -8.420723e+00 2.901565e-01 2.599820e-02 -9.566260e-01 4.543759e+02
-9.551993e-01 5.897287e-02 -2.900286e-01 3.215822e+02 4.859729e-02 9.978987e-01 4.285397e-02 -8.396462e+00 2.919464e-01 2.683948e-02 -9.560580e-01 4.534387e+02
-9.545759e-01 6.016419e-02 -2.918307e-01 3.212933e+02 5.002091e-02 9.978603e-01 4.210224e-02 -8.372725e+00 2.937394e-01 2.559214e-02 -9.555429e-01 4.524964e+02
-9.540808e-01 6.071010e-02 -2.933329e-01 3.209976e+02 5.055771e-02 9.978344e-01 4.207677e-02 -8.341981e+00 2.952521e-01 2.531440e-02 -9.550840e-01 4.515472e+02
-9.535191e-01 6.179198e-02 -2.949289e-01 3.207005e+02 5.116950e-02 9.977375e-01 4.360746e-02 -8.317658e+00 2.969562e-01 2.648918e-02 -9.545236e-01 4.505902e+02
-9.530269e-01 6.222951e-02 -2.964241e-01 3.204014e+02 5.152883e-02 9.977112e-01 4.378435e-02 -8.296810e+00 2.984704e-01 2.645327e-02 -9.540522e-01 4.496333e+02
-9.525783e-01 6.117503e-02 -2.980808e-01 3.201023e+02 5.019137e-02 9.977534e-01 4.437186e-02 -8.275990e+00 3.001256e-01 2.730659e-02 -9.535088e-01 4.486726e+02
-9.520933e-01 6.103558e-02 -2.996549e-01 3.198033e+02 4.950814e-02 9.977176e-01 4.591923e-02 -8.257096e+00 3.017737e-01 2.888403e-02 -9.529420e-01 4.477094e+02
-9.516698e-01 5.985162e-02 -3.012346e-01 3.194999e+02 4.760589e-02 9.977200e-01 4.783677e-02 -8.230078e+00 3.034109e-01 3.118427e-02 -9.523494e-01 4.467430e+02
-9.512326e-01 5.711956e-02 -3.031401e-01 3.191953e+02 4.480562e-02 9.978692e-01 4.742789e-02 -8.199201e+00 3.052033e-01 3.153257e-02 -9.517650e-01 4.457773e+02
-9.506394e-01 5.837303e-02 -3.047579e-01 3.188823e+02 4.761765e-02 9.979562e-01 4.261262e-02 -8.171181e+00 3.066225e-01 2.599737e-02 -9.514761e-01 4.448127e+02
-9.502698e-01 5.837086e-02 -3.059088e-01 3.185658e+02 4.684343e-02 9.978928e-01 4.489567e-02 -8.141815e+00 3.078848e-01 2.833318e-02 -9.510017e-01 4.438413e+02
-9.499341e-01 6.108074e-02 -3.064220e-01 3.182459e+02 4.895897e-02 9.976897e-01 4.709797e-02 -8.116386e+00 3.085908e-01 2.973786e-02 -9.507299e-01 4.428700e+02
-9.502426e-01 6.095095e-02 -3.054897e-01 3.179336e+02 4.863069e-02 9.976730e-01 4.778616e-02 -8.093347e+00 3.076915e-01 3.055226e-02 -9.509955e-01 4.419020e+02
-9.509719e-01 5.917830e-02 -3.035627e-01 3.176255e+02 4.730029e-02 9.978052e-01 4.634029e-02 -8.071373e+00 3.056388e-01 2.970970e-02 -9.516839e-01 4.409323e+02
-9.520256e-01 5.605882e-02 -3.008401e-01 3.173225e+02 4.467692e-02 9.980060e-01 4.458677e-02 -8.050251e+00 3.027397e-01 2.900713e-02 -9.526318e-01 4.399589e+02
-9.532695e-01 5.136648e-02 -2.977225e-01 3.170265e+02 4.035130e-02 9.982585e-01 4.303125e-02 -8.029805e+00 2.994144e-01 2.900689e-02 -9.536822e-01 4.389827e+02
-9.545113e-01 5.024117e-02 -2.939115e-01 3.167304e+02 4.005548e-02 9.983732e-01 4.057700e-02 -8.006388e+00 2.954720e-01 2.695844e-02 -9.549710e-01 4.380064e+02
-9.561639e-01 4.579989e-02 -2.892283e-01 3.164413e+02 3.646412e-02 9.986278e-01 3.758758e-02 -7.988243e+00 2.905529e-01 2.539343e-02 -9.565219e-01 4.370287e+02
-9.578296e-01 4.134721e-02 -2.843464e-01 3.161595e+02 3.327130e-02 9.988956e-01 3.317545e-02 -7.976289e+00 2.854041e-01 2.231585e-02 -9.581474e-01 4.360527e+02
-9.596357e-01 3.791397e-02 -2.786786e-01 3.158812e+02 3.098217e-02 9.990922e-01 2.923784e-02 -7.969702e+00 2.795342e-01 1.942361e-02 -9.599393e-01 4.350726e+02
-9.616044e-01 3.261970e-02 -2.724941e-01 3.156145e+02 2.612045e-02 9.992819e-01 2.744559e-02 -7.966527e+00 2.731937e-01 1.927413e-02 -9.617659e-01 4.340928e+02
-9.636717e-01 2.701361e-02 -2.657200e-01 3.153574e+02 1.999758e-02 9.993772e-01 2.907459e-02 -7.966772e+00 2.663399e-01 2.270460e-02 -9.636117e-01 4.331048e+02
-9.659602e-01 2.428997e-02 -2.575479e-01 3.151057e+02 1.699881e-02 9.993902e-01 3.049915e-02 -7.967969e+00 2.581317e-01 2.508295e-02 -9.657841e-01 4.321196e+02
-9.686601e-01 2.334447e-02 -2.472905e-01 3.148670e+02 1.540603e-02 9.993035e-01 3.398841e-02 -7.972304e+00 2.479117e-01 2.911345e-02 -9.683451e-01 4.311326e+02
-9.717060e-01 2.479462e-02 -2.348888e-01 3.146335e+02 1.652246e-02 9.991742e-01 3.712046e-02 -7.968748e+00 2.356152e-01 3.218923e-02 -9.713132e-01 4.301386e+02
-9.751172e-01 2.712050e-02 -2.200248e-01 3.144162e+02 1.902535e-02 9.990647e-01 3.882836e-02 -7.969385e+00 2.208721e-01 3.367615e-02 -9.747212e-01 4.291517e+02
-9.784377e-01 2.758760e-02 -2.046915e-01 3.142136e+02 2.033088e-02 9.990908e-01 3.747119e-02 -7.964300e+00 2.055392e-01 3.250167e-02 -9.781091e-01 4.281654e+02
-9.814272e-01 2.667661e-02 -1.899713e-01 3.140237e+02 2.066463e-02 9.992231e-01 3.355809e-02 -7.961579e+00 1.907190e-01 2.900913e-02 -9.812160e-01 4.271748e+02
-9.842342e-01 2.306747e-02 -1.753592e-01 3.138513e+02 1.820247e-02 9.994048e-01 2.930134e-02 -7.947662e+00 1.759308e-01 2.564740e-02 -9.840684e-01 4.261826e+02
-9.865817e-01 2.048486e-02 -1.619781e-01 3.136951e+02 1.613470e-02 9.994741e-01 2.812663e-02 -7.944008e+00 1.624691e-01 2.513575e-02 -9.863934e-01 4.251884e+02
-9.886981e-01 2.060461e-02 -1.484978e-01 3.135461e+02 1.657955e-02 9.994622e-01 2.829247e-02 -7.942327e+00 1.490009e-01 2.551068e-02 -9.885079e-01 4.241888e+02
-9.906081e-01 2.241416e-02 -1.348819e-01 3.134112e+02 1.860279e-02 9.993931e-01 2.945161e-02 -7.939799e+00 1.354602e-01 2.666582e-02 -9.904239e-01 4.231903e+02
-9.923961e-01 2.360263e-02 -1.208013e-01 3.132937e+02 1.983726e-02 9.992820e-01 3.227843e-02 -7.940858e+00 1.214764e-01 2.963662e-02 -9.921518e-01 4.221950e+02
-9.939857e-01 2.384747e-02 -1.068817e-01 3.131860e+02 2.054129e-02 9.992790e-01 3.192817e-02 -7.934332e+00 1.075660e-01 2.954065e-02 -9.937590e-01 4.211917e+02
-9.954179e-01 2.065836e-02 -9.336155e-02 3.131010e+02 1.771459e-02 9.993228e-01 3.225050e-02 -7.929527e+00 9.396458e-02 3.044886e-02 -9.951098e-01 4.201926e+02
-9.966242e-01 1.662222e-02 -8.039880e-02 3.130266e+02 1.382461e-02 9.992836e-01 3.522926e-02 -7.923389e+00 8.092680e-02 3.399885e-02 -9.961400e-01 4.191863e+02
-9.976247e-01 1.282030e-02 -6.768022e-02 3.129673e+02 1.027761e-02 9.992330e-01 3.778480e-02 -7.916512e+00 6.811273e-02 3.699946e-02 -9.969913e-01 4.181842e+02
-9.984102e-01 1.168520e-02 -5.514029e-02 3.129180e+02 9.544606e-03 9.991965e-01 3.892588e-02 -7.904677e+00 5.555085e-02 3.833770e-02 -9.977196e-01 4.171852e+02
-9.990690e-01 9.614950e-03 -4.205591e-02 3.128816e+02 8.011057e-03 9.992402e-01 3.814100e-02 -7.897393e+00 4.239068e-02 3.776857e-02 -9.983870e-01 4.161802e+02
-9.995451e-01 7.957098e-03 -2.909145e-02 3.128645e+02 6.842357e-03 9.992459e-01 3.821952e-02 -7.882213e+00 2.937363e-02 3.800308e-02 -9.988458e-01 4.151799e+02
-9.998366e-01 8.322258e-03 -1.605061e-02 3.128515e+02 7.698735e-03 9.992279e-01 3.852588e-02 -7.864187e+00 1.635884e-02 3.839601e-02 -9.991287e-01 4.141736e+02
-9.999587e-01 8.464164e-03 -3.306039e-03 3.128537e+02 8.322309e-03 9.991329e-01 4.079434e-02 -7.836788e+00 3.648462e-03 4.076514e-02 -9.991621e-01 4.131682e+02
-9.999369e-01 6.125116e-03 9.419909e-03 3.128726e+02 6.534903e-03 9.990055e-01 4.410420e-02 -7.809641e+00 -9.140399e-03 4.416297e-02 -9.989825e-01 4.121555e+02
-9.997397e-01 6.038812e-03 2.200098e-02 3.129004e+02 7.031226e-03 9.989481e-01 4.531288e-02 -7.788164e+00 -2.170421e-02 4.545577e-02 -9.987306e-01 4.111602e+02
-9.993711e-01 8.107217e-03 3.451971e-02 3.129384e+02 9.656928e-03 9.989418e-01 4.496587e-02 -7.770852e+00 -3.411864e-02 4.527094e-02 -9.983919e-01 4.101608e+02
-9.988673e-01 9.282398e-03 4.666833e-02 3.129904e+02 1.128179e-02 9.990215e-01 4.276314e-02 -7.751320e+00 -4.622573e-02 4.324120e-02 -9.979947e-01 4.091621e+02
-9.982344e-01 9.877001e-03 5.857135e-02 3.130478e+02 1.222624e-02 9.991294e-01 3.988712e-02 -7.727473e+00 -5.812639e-02 4.053280e-02 -9.974861e-01 4.081610e+02
-9.974476e-01 1.038562e-02 7.064262e-02 3.131205e+02 1.309212e-02 9.991935e-01 3.795803e-02 -7.703911e+00 -7.019144e-02 3.878600e-02 -9.967792e-01 4.071622e+02
-9.965652e-01 8.589957e-03 8.236492e-02 3.132035e+02 1.176070e-02 9.992051e-01 3.808863e-02 -7.680434e+00 -8.197228e-02 3.892646e-02 -9.958741e-01 4.061594e+02
-9.956274e-01 7.471230e-03 9.311481e-02 3.132979e+02 1.105795e-02 9.992141e-01 3.806301e-02 -7.656495e+00 -9.275726e-02 3.892623e-02 -9.949276e-01 4.051567e+02
-9.946628e-01 6.590418e-03 1.029683e-01 3.134058e+02 1.035087e-02 9.992971e-01 3.602887e-02 -7.636293e+00 -1.026585e-01 3.690238e-02 -9.940319e-01 4.041588e+02
-9.936384e-01 6.069816e-03 1.124544e-01 3.135203e+02 9.935014e-03 9.993778e-01 3.384274e-02 -7.617968e+00 -1.121790e-01 3.474467e-02 -9.930804e-01 4.031635e+02
-9.925139e-01 5.250763e-03 1.220189e-01 3.136460e+02 9.290593e-03 9.994265e-01 3.256285e-02 -7.603233e+00 -1.217779e-01 3.345271e-02 -9.919935e-01 4.021697e+02
-9.913466e-01 3.776978e-03 1.312161e-01 3.137817e+02 8.123781e-03 9.994352e-01 3.260750e-02 -7.590841e+00 -1.310189e-01 3.339131e-02 -9.908174e-01 4.011770e+02
-9.901637e-01 3.388119e-03 1.398731e-01 3.139238e+02 8.067288e-03 9.994261e-01 3.289949e-02 -7.578294e+00 -1.396814e-01 3.370427e-02 -9.896227e-01 4.001891e+02
-9.889606e-01 2.303989e-03 1.481607e-01 3.140758e+02 7.598525e-03 9.993521e-01 3.517896e-02 -7.564827e+00 -1.479837e-01 3.591641e-02 -9.883374e-01 3.992065e+02
-9.876848e-01 -1.280993e-03 1.564513e-01 3.142420e+02 4.743532e-03 9.992616e-01 3.812787e-02 -7.556412e+00 -1.563846e-01 3.840045e-02 -9.869495e-01 3.982277e+02
-9.863338e-01 -2.021560e-03 1.647471e-01 3.144105e+02 4.314618e-03 9.992649e-01 3.809307e-02 -7.544788e+00 -1.647030e-01 3.828329e-02 -9.856000e-01 3.972525e+02
-9.849074e-01 -2.089644e-03 1.730697e-01 3.145829e+02 4.406238e-03 9.993003e-01 3.714060e-02 -7.533432e+00 -1.730262e-01 3.734264e-02 -9.842091e-01 3.962813e+02
-9.835459e-01 -3.932855e-03 1.806155e-01 3.147637e+02 2.894843e-03 9.992915e-01 3.752322e-02 -7.519799e+00 -1.806351e-01 3.742866e-02 -9.828378e-01 3.953134e+02
-9.821739e-01 -6.874547e-03 1.878488e-01 3.149572e+02 5.311345e-04 9.992255e-01 3.934485e-02 -7.509055e+00 -1.879738e-01 3.874325e-02 -9.814096e-01 3.943507e+02
-9.807939e-01 -8.102166e-03 1.948788e-01 3.151557e+02 -2.670565e-04 9.991917e-01 4.019772e-02 -7.495438e+00 -1.950470e-01 3.937363e-02 -9.800033e-01 3.933960e+02
-9.793924e-01 -9.306265e-03 2.017520e-01 3.153571e+02 -9.358565e-04 9.991362e-01 4.154432e-02 -7.480266e+00 -2.019644e-01 4.049938e-02 -9.785552e-01 3.924386e+02
-9.779715e-01 -1.035820e-02 2.084813e-01 3.155637e+02 -1.160842e-03 9.990224e-01 4.419004e-02 -7.463247e+00 -2.087353e-01 4.297457e-02 -9.770275e-01 3.914864e+02
-9.764483e-01 -1.148378e-02 2.154456e-01 3.157787e+02 -1.828369e-03 9.989870e-01 4.496185e-02 -7.446897e+00 -2.157437e-01 4.350900e-02 -9.754802e-01 3.905423e+02
-9.749368e-01 -1.140835e-02 2.221891e-01 3.159974e+02 -1.762504e-03 9.990491e-01 4.356275e-02 -7.423038e+00 -2.224748e-01 4.207931e-02 -9.740299e-01 3.895889e+02
-9.733567e-01 -1.101077e-02 2.290319e-01 3.162107e+02 -1.876099e-03 9.991954e-01 4.006339e-02 -7.397839e+00 -2.292887e-01 3.856628e-02 -9.725941e-01 3.886826e+02
-9.717408e-01 -1.160591e-02 2.357650e-01 3.164277e+02 -2.949236e-03 9.993095e-01 3.703688e-02 -7.369106e+00 -2.360321e-01 3.529491e-02 -9.711041e-01 3.877649e+02
-9.701113e-01 -1.106656e-02 2.424081e-01 3.166495e+02 -2.806737e-03 9.994044e-01 3.439292e-02 -7.347796e+00 -2.426443e-01 3.268457e-02 -9.695646e-01 3.868615e+02
-9.683855e-01 -1.024282e-02 2.492483e-01 3.168756e+02 -2.111232e-03 9.994574e-01 3.286992e-02 -7.325785e+00 -2.494498e-01 3.130453e-02 -9.678816e-01 3.859696e+02
-9.665331e-01 -9.716963e-03 2.563579e-01 3.171058e+02 -1.873934e-03 9.995232e-01 3.082061e-02 -7.311971e+00 -2.565352e-01 2.930873e-02 -9.660904e-01 3.850954e+02
-9.645393e-01 -7.029461e-03 2.638458e-01 3.173378e+02 2.788370e-04 9.996176e-01 2.765145e-02 -7.302981e+00 -2.639393e-01 2.674447e-02 -9.641685e-01 3.842427e+02
-9.624241e-01 -5.985893e-03 2.714849e-01 3.175754e+02 8.316296e-05 9.997504e-01 2.233801e-02 -7.303376e+00 -2.715509e-01 2.152121e-02 -9.621834e-01 3.834117e+02
-9.604643e-01 -4.949882e-03 2.783593e-01 3.178160e+02 -1.363772e-03 9.999136e-01 1.307517e-02 -7.311934e+00 -2.784000e-01 1.217861e-02 -9.603880e-01 3.826135e+02
-9.586514e-01 -3.889692e-03 2.845564e-01 3.180493e+02 -3.324705e-03 9.999914e-01 2.468475e-03 -7.315700e+00 -2.845636e-01 1.420341e-03 -9.586561e-01 3.818405e+02
-9.570647e-01 -4.190533e-03 2.898441e-01 3.182783e+02 -6.366369e-03 9.999582e-01 -6.564474e-03 -7.317945e+00 -2.898045e-01 -8.127878e-03 -9.570514e-01 3.810826e+02
-9.557182e-01 -5.098421e-03 2.942391e-01 3.185019e+02 -9.300886e-03 9.998737e-01 -1.288494e-02 -7.326887e+00 -2.941363e-01 -1.505106e-02 -9.556450e-01 3.803531e+02
-9.546414e-01 -3.990756e-03 2.977313e-01 3.187247e+02 -9.989385e-03 9.997765e-01 -1.862895e-02 -7.349644e+00 -2.975904e-01 -2.075811e-02 -9.544679e-01 3.796487e+02
-9.538069e-01 -1.998405e-03 3.004136e-01 3.189406e+02 -1.031065e-02 9.996065e-01 -2.608655e-02 -7.375780e+00 -3.002433e-01 -2.797898e-02 -9.534522e-01 3.789647e+02
-9.533818e-01 -1.941666e-04 3.017666e-01 3.191500e+02 -1.086645e-02 9.993733e-01 -3.368776e-02 -7.405085e+00 -3.015710e-01 -3.539642e-02 -9.527865e-01 3.782973e+02
-9.532783e-01 2.471174e-03 3.020834e-01 3.193464e+02 -9.409537e-03 9.992384e-01 -3.786770e-02 -7.428682e+00 -3.019470e-01 -3.894092e-02 -9.525291e-01 3.776312e+02
-9.534961e-01 5.156682e-03 3.013614e-01 3.195361e+02 -5.954562e-03 9.993362e-01 -3.593996e-02 -7.449147e+00 -3.013467e-01 -3.606308e-02 -9.528324e-01 3.769608e+02
-9.546073e-01 8.104294e-03 2.977570e-01 3.197158e+02 -1.150366e-03 9.995220e-01 -3.089290e-02 -7.469043e+00 -2.978651e-01 -2.983311e-02 -9.541417e-01 3.762906e+02
-9.565805e-01 1.115701e-02 2.912548e-01 3.198904e+02 2.892188e-03 9.995812e-01 -2.879176e-02 -7.494632e+00 -2.914541e-01 -2.669926e-02 -9.562121e-01 3.756302e+02
-9.595668e-01 1.265700e-02 2.811963e-01 3.200516e+02 4.209339e-03 9.995220e-01 -3.062565e-02 -7.510150e+00 -2.814495e-01 -2.820370e-02 -9.591615e-01 3.749768e+02
-9.636165e-01 1.358644e-02 2.669433e-01 3.202030e+02 5.254156e-03 9.994771e-01 -3.190322e-02 -7.526334e+00 -2.672372e-01 -2.933990e-02 -9.631840e-01 3.743240e+02
-9.687548e-01 1.538171e-02 2.475430e-01 3.203352e+02 8.113065e-03 9.995062e-01 -3.035656e-02 -7.535126e+00 -2.478877e-01 -2.739973e-02 -9.684012e-01 3.736749e+02
-9.746048e-01 1.823121e-02 2.231883e-01 3.204552e+02 1.353955e-02 9.996544e-01 -2.253345e-02 -7.552413e+00 -2.235220e-01 -1.893933e-02 -9.745149e-01 3.730304e+02
-9.808411e-01 1.922720e-02 1.938583e-01 3.205484e+02 1.687352e-02 9.997626e-01 -1.378535e-02 -7.565890e+00 -1.940774e-01 -1.025016e-02 -9.809327e-01 3.723715e+02
-9.867637e-01 2.136401e-02 1.607514e-01 3.206328e+02 2.061801e-02 9.997675e-01 -6.307549e-03 -7.582058e+00 -1.608488e-01 -2.909685e-03 -9.869748e-01 3.717375e+02
-9.920334e-01 2.246186e-02 1.239562e-01 3.206679e+02 2.247902e-02 9.997465e-01 -1.260431e-03 -7.593814e+00 -1.239531e-01 1.536025e-03 -9.922869e-01 3.710836e+02
-9.961978e-01 2.313685e-02 8.399145e-02 3.206983e+02 2.355502e-02 9.997146e-01 3.990964e-03 -7.604115e+00 -8.387514e-02 5.954210e-03 -9.964585e-01 3.704585e+02
-9.987909e-01 2.489046e-02 4.239248e-02 3.206692e+02 2.529557e-02 9.996391e-01 9.046524e-03 -7.604099e+00 -4.215201e-02 1.010793e-02 -9.990601e-01 3.698013e+02
-9.996006e-01 2.826155e-02 -2.627677e-05 3.206393e+02 2.825849e-02 9.995045e-01 1.385910e-02 -7.603151e+00 4.179432e-04 1.385282e-02 -9.999040e-01 3.691789e+02
-9.985703e-01 3.068712e-02 -4.376817e-02 3.205855e+02 2.996804e-02 9.994064e-01 1.699231e-02 -7.605148e+00 4.426364e-02 1.565637e-02 -9.988972e-01 3.685646e+02
-9.956007e-01 2.982483e-02 -8.882369e-02 3.204715e+02 2.813147e-02 9.993990e-01 2.025586e-02 -7.596182e+00 8.937444e-02 1.766800e-02 -9.958414e-01 3.679171e+02
-9.905258e-01 2.692120e-02 -1.346621e-01 3.203672e+02 2.406381e-02 9.994503e-01 2.280218e-02 -7.583856e+00 1.352020e-01 1.934566e-02 -9.906292e-01 3.673082e+02
-9.833576e-01 2.867196e-02 -1.794038e-01 3.201935e+02 2.430385e-02 9.993533e-01 2.649921e-02 -7.563603e+00 1.800476e-01 2.169800e-02 -9.834186e-01 3.666656e+02
-9.741864e-01 3.248397e-02 -2.233958e-01 3.200191e+02 2.548319e-02 9.990917e-01 3.415061e-02 -7.544896e+00 2.243023e-01 2.757622e-02 -9.741294e-01 3.660576e+02
-9.629552e-01 3.385315e-02 -2.675281e-01 3.198122e+02 2.412507e-02 9.989256e-01 3.956754e-02 -7.523562e+00 2.685801e-01 3.164763e-02 -9.627373e-01 3.654519e+02
-9.495224e-01 3.144966e-02 -3.121187e-01 3.195555e+02 1.923180e-02 9.989263e-01 4.214705e-02 -7.495768e+00 3.131091e-01 3.401696e-02 -9.491078e-01 3.648183e+02
-9.341337e-01 2.958150e-02 -3.556954e-01 3.192952e+02 1.510414e-02 9.989431e-01 4.341064e-02 -7.464192e+00 3.566036e-01 3.517887e-02 -9.335932e-01 3.642279e+02
-9.170540e-01 3.065497e-02 -3.975829e-01 3.189776e+02 1.482389e-02 9.989723e-01 4.283175e-02 -7.434877e+00 3.984874e-01 3.338529e-02 -9.165660e-01 3.636125e+02
-8.981012e-01 3.465610e-02 -4.384213e-01 3.186551e+02 1.693656e-02 9.988763e-01 4.426434e-02 -7.401822e+00 4.394627e-01 3.232850e-02 -8.976789e-01 3.630385e+02
-8.785100e-01 3.915650e-02 -4.761165e-01 3.183109e+02 1.968897e-02 9.987561e-01 4.580990e-02 -7.369725e+00 4.773180e-01 3.087022e-02 -8.781882e-01 3.624796e+02
-8.581260e-01 4.346747e-02 -5.115959e-01 3.179172e+02 2.236052e-02 9.986284e-01 4.734152e-02 -7.339697e+00 5.129520e-01 2.918544e-02 -8.579210e-01 3.618994e+02
-8.377864e-01 4.723231e-02 -5.439514e-01 3.175272e+02 2.459515e-02 9.985047e-01 4.882095e-02 -7.315453e+00 5.454439e-01 2.752296e-02 -8.376953e-01 3.613535e+02
-8.178752e-01 4.900288e-02 -5.733053e-01 3.170958e+02 2.572506e-02 9.984847e-01 4.864557e-02 -7.287524e+00 5.748204e-01 2.503769e-02 -8.178965e-01 3.607945e+02
-7.986297e-01 5.198886e-02 -5.995730e-01 3.166532e+02 2.948159e-02 9.984453e-01 4.730562e-02 -7.249582e+00 6.011002e-01 2.010330e-02 -7.989208e-01 3.602598e+02
-7.809406e-01 5.411009e-02 -6.222571e-01 3.161877e+02 3.343018e-02 9.984335e-01 4.486628e-02 -7.212206e+00 6.237100e-01 1.423574e-02 -7.815262e-01 3.597278e+02
-7.648496e-01 5.766375e-02 -6.416230e-01 3.156878e+02 3.875154e-02 9.983005e-01 4.352505e-02 -7.180588e+00 6.430424e-01 8.426235e-03 -7.657843e-01 3.591849e+02
-7.508646e-01 6.039439e-02 -6.576890e-01 3.151831e+02 4.290769e-02 9.981672e-01 4.267345e-02 -7.154711e+00 6.590609e-01 3.822072e-03 -7.520799e-01 3.586493e+02
-7.387637e-01 6.178867e-02 -6.711262e-01 3.146596e+02 4.463555e-02 9.980879e-01 4.275712e-02 -7.126823e+00 6.724849e-01 1.631328e-03 -7.401091e-01 3.581061e+02
-7.273949e-01 6.242984e-02 -6.833733e-01 3.141234e+02 4.581953e-02 9.980492e-01 4.240607e-02 -7.103704e+00 6.846877e-01 -4.658760e-04 -7.288365e-01 3.575550e+02
-7.169134e-01 6.229552e-02 -6.943734e-01 3.135730e+02 4.632148e-02 9.980552e-01 4.171515e-02 -7.080791e+00 6.956216e-01 -2.258243e-03 -7.184048e-01 3.570065e+02
-7.068535e-01 6.238193e-02 -7.046039e-01 3.129961e+02 4.653392e-02 9.980468e-01 4.167936e-02 -7.049674e+00 7.058278e-01 -3.326780e-03 -7.083757e-01 3.564444e+02
-6.974409e-01 6.231518e-02 -7.139279e-01 3.124105e+02 4.760662e-02 9.980404e-01 4.060675e-02 -7.020329e+00 7.150593e-01 -5.666879e-03 -6.990408e-01 3.558899e+02
-6.903499e-01 6.369001e-02 -7.206668e-01 3.118030e+02 4.983079e-02 9.979378e-01 4.045977e-02 -6.995473e+00 7.217575e-01 -7.979996e-03 -6.921000e-01 3.553259e+02
-6.860110e-01 6.528009e-02 -7.246567e-01 3.111829e+02 5.172002e-02 9.978226e-01 4.092623e-02 -6.969965e+00 7.257506e-01 -9.403404e-03 -6.878937e-01 3.547555e+02
-6.855721e-01 6.791329e-02 -7.248301e-01 3.105501e+02 5.513195e-02 9.976234e-01 4.132689e-02 -6.941787e+00 7.259142e-01 -1.162873e-02 -6.876870e-01 3.541721e+02
-6.884269e-01 7.027619e-02 -7.218931e-01 3.099116e+02 5.692208e-02 9.974599e-01 4.281938e-02 -6.909712e+00 7.230687e-01 -1.161363e-02 -6.906786e-01 3.535723e+02
-6.920579e-01 6.965690e-02 -7.184732e-01 3.092680e+02 5.463248e-02 9.975327e-01 4.408823e-02 -6.873301e+00 7.197716e-01 -8.740358e-03 -6.941560e-01 3.529546e+02
-6.946341e-01 6.721918e-02 -7.162158e-01 3.086152e+02 5.144156e-02 9.977173e-01 4.374758e-02 -6.834781e+00 7.175216e-01 -6.454693e-03 -6.965063e-01 3.523219e+02
